
Parameters: 0.0 1 1
Scores: 512 256 256 4 4 4 4 2

Average: 130.25
___________________________________
Parameters: 0.0 1 101
Scores: 64 128 64 16 64 16 64 16

Average: 54.0
___________________________________
Parameters: 0.0 1 201
Scores: 64 128 128 64 64 64 32 32

Average: 72.0
___________________________________
Parameters: 0.0 1 301
Scores: 128 64 32 64 128 32 64 128

Average: 80.0
___________________________________
Parameters: 0.0 1 401
Scores: 128 16 64 64 128 64 64 64

Average: 74.0
___________________________________
Parameters: 0.0 1 501
Scores: 32 32 128 64 128 32 64 64

Average: 68.0
___________________________________
Parameters: 0.0 1 601
Scores: 64 64 32 64 64 32 128 32

Average: 60.0
___________________________________
Parameters: 0.0 1 701
Scores: 64 32 32 64 64 64 64 128

Average: 64.0
___________________________________
Parameters: 0.0 1 801
Scores: 128 32 128 32 128 256 64 32

Average: 100.0
___________________________________
Parameters: 0.0 1 901
Scores: 128 128 64 32 64 64 256 64

Average: 100.0
___________________________________
Parameters: 0.0 101 1
Scores: 1024 512 1024 512 1024 1024 1024 1024

Average: 896.0
___________________________________
Parameters: 0.0 101 101
Scores: 512 128 512 512 256 512 512 128

Average: 384.0
___________________________________
Parameters: 0.0 101 201
Scores: 128 128 64 128 64 128 64 32

Average: 92.0
___________________________________
Parameters: 0.0 101 301
Scores: 64 64 128 32 32 32 64 128

Average: 68.0
___________________________________
Parameters: 0.0 101 401
Scores: 32 32 64 128 64 32 32 64

Average: 56.0
___________________________________
Parameters: 0.0 101 501
Scores: 64 32 32 64 64 64 128 128

Average: 72.0
___________________________________
Parameters: 0.0 101 601
Scores: 64 128 64 64 64 128 16 32

Average: 70.0
___________________________________
Parameters: 0.0 101 701
Scores: 64 32 32 64 32 64 256 32

Average: 72.0
___________________________________
Parameters: 0.0 101 801
Scores: 16 128 32 64 64 32 128 64

Average: 66.0
___________________________________
Parameters: 0.0 101 901
Scores: 16 64 32 128 64 64 128 128

Average: 78.0
___________________________________
Parameters: 0.0 201 1
Scores: 1024 1024 1024 1024 512 512 1024 1024

Average: 896.0
___________________________________
Parameters: 0.0 201 101
Scores: 512 512 256 256 512 512 512 1024

Average: 512.0
___________________________________
Parameters: 0.0 201 201
Scores: 512 128 256 512 512 256 256 128

Average: 320.0
___________________________________
Parameters: 0.0 201 301
Scores: 128 128 128 128 256 128 256 256

Average: 176.0
___________________________________
Parameters: 0.0 201 401
Scores: 64 64 64 128 128 128 128 256

Average: 120.0
___________________________________
Parameters: 0.0 201 501
Scores: 128 64 128 32 128 32 64 128

Average: 88.0
___________________________________
Parameters: 0.0 201 601
Scores: 64 128 64 128 64 64 128 64

Average: 88.0
___________________________________
Parameters: 0.0 201 701
Scores: 256 32 128 32 64 64 64 128

Average: 96.0
___________________________________
Parameters: 0.0 201 801
Scores: 64 64 64 32 64 32 64 64

Average: 56.0
___________________________________
Parameters: 0.0 201 901
Scores: 32 32 32 128 64 64 64 32

Average: 56.0
___________________________________
Parameters: 0.0 301 1
Scores: 1024 1024 512 1024 512 2048 256 512

Average: 864.0
___________________________________
Parameters: 0.0 301 101
Scores: 256 1024 512 256 512 512 1024 512

Average: 576.0
___________________________________
Parameters: 0.0 301 201
Scores: 512 512 512 512 128 256 512 128

Average: 384.0
___________________________________
Parameters: 0.0 301 301
Scores: 512 256 128 256 128 128 128 256

Average: 224.0
___________________________________
Parameters: 0.0 301 401
Scores: 128 512 128 256 256 128 256 512

Average: 272.0
___________________________________
Parameters: 0.0 301 501
Scores: 128 256 256 128 256 64 128 256

Average: 184.0
___________________________________
Parameters: 0.0 301 601
Scores: 128 64 64 64 128 256 128 256

Average: 136.0
___________________________________
Parameters: 0.0 301 701
Scores: 32 64 32 32 128 128 64 64

Average: 68.0
___________________________________
Parameters: 0.0 301 801
Scores: 64 64 32 32 64 32 64 64

Average: 52.0
___________________________________
Parameters: 0.0 301 901
Scores: 128 32 128 64 128 128 64 128

Average: 100.0
___________________________________
Parameters: 0.0 401 1
Scores: 1024 1024 512 1024 1024 1024 2048 512

Average: 1024.0
___________________________________
Parameters: 0.0 401 101
Scores: 512 512 512 512 512 1024 1024 512

Average: 640.0
___________________________________
Parameters: 0.0 401 201
Scores: 256 512 256 512 1024 1024 256 512

Average: 544.0
___________________________________
Parameters: 0.0 401 301
Scores: 512 512 64 256 128 512 256 128

Average: 296.0
___________________________________
Parameters: 0.0 401 401
Scores: 256 256 1024 256 256 512 512 256

Average: 416.0
___________________________________
Parameters: 0.0 401 501
Scores: 128 512 512 512 128 256 256 256

Average: 320.0
___________________________________
Parameters: 0.0 401 601
Scores: 256 128 128 256 128 128 64 128

Average: 152.0
___________________________________
Parameters: 0.0 401 701
Scores: 256 128 512 128 256 64 512 128

Average: 248.0
___________________________________
Parameters: 0.0 401 801
Scores: 128 64 128 128 128 512 64 128

Average: 160.0
___________________________________
Parameters: 0.0 401 901
Scores: 128 128 128 32 64 256 64 64

Average: 108.0
___________________________________
Parameters: 0.0 501 1
Scores: 1024 256 1024 512 512 1024 1024 512

Average: 736.0
___________________________________
Parameters: 0.0 501 101
Scores: 1024 1024 512 256 1024 1024 512 512

Average: 736.0
___________________________________
Parameters: 0.0 501 201
Scores: 512 256 1024 256 256 1024 256 512

Average: 512.0
___________________________________
Parameters: 0.0 501 301
Scores: 512 256 512 128 512 512 256 512

Average: 400.0
___________________________________
Parameters: 0.0 501 401
Scores: 512 512 256 256 256 128 512 512

Average: 368.0
___________________________________
Parameters: 0.0 501 501
Scores: 256 128 256 256 64 512 512 512

Average: 312.0
___________________________________
Parameters: 0.0 501 601
Scores: 128 256 128 256 256 256 512 256

Average: 256.0
___________________________________
Parameters: 0.0 501 701
Scores: 64 512 64 128 256 512 256 512

Average: 288.0
___________________________________
Parameters: 0.0 501 801
Scores: 128 256 512 256 64 128 128 128

Average: 200.0
___________________________________
Parameters: 0.0 501 901
Scores: 128 128 64 128 128 256 128 128

Average: 136.0
___________________________________
Parameters: 0.0 601 1
Scores: 1024 512 1024 512 512 512 256 1024

Average: 672.0
___________________________________
Parameters: 0.0 601 101
Scores: 512 512 1024 512 1024 1024 1024 512

Average: 768.0
___________________________________
Parameters: 0.0 601 201
Scores: 512 1024 1024 512 512 1024 512 4

Average: 640.5
___________________________________
Parameters: 0.0 601 301
Scores: 2 4 4 8 4 8 4 2

Average: 4.5
___________________________________
Parameters: 0.0 601 401
Scores: 16 16 512 512 256 512 1024 256

Average: 388.0
___________________________________
Parameters: 0.0 601 501
Scores: 512 128 512 256 512 512 256 256

Average: 368.0
___________________________________
Parameters: 0.0 601 601
Scores: 256 256 128 256 512 128 512 128

Average: 272.0
___________________________________
Parameters: 0.0 601 701
Scores: 128 128 128 256 512 128 512 128

Average: 240.0
___________________________________
Parameters: 0.0 601 801
Scores: 128 512 128 128 128 256 128 256

Average: 208.0
___________________________________
Parameters: 0.0 601 901
Scores: 256 256 128 256 128 128 128 64

Average: 168.0
___________________________________
Parameters: 0.0 701 1
Scores: 512 128 512 256 1024 512 256 256

Average: 432.0
___________________________________
Parameters: 0.0 701 101
Scores: 1024 512 1024 1024 1024 512 1024 512

Average: 832.0
___________________________________
Parameters: 0.0 701 201
Scores: 512 1024 512 512 512 512 512 256

Average: 544.0
___________________________________
Parameters: 0.0 701 301
Scores: 512 512 512 512 128 512 256 1024

Average: 496.0
___________________________________
Parameters: 0.0 701 401
Scores: 512 256 256 512 512 256 256 512

Average: 384.0
___________________________________
Parameters: 0.0 701 501
Scores: 256 512 512 256 256 256 256 512

Average: 352.0
___________________________________
Parameters: 0.0 701 601
Scores: 256 128 256 256 256 256 256 256

Average: 240.0
___________________________________
Parameters: 0.0 701 701
Scores: 256 512 512 128 512 512 512 1024

Average: 496.0
___________________________________
Parameters: 0.0 701 801
Scores: 256 128 128 256 512 128 256 256

Average: 240.0
___________________________________
Parameters: 0.0 701 901
Scores: 256 512 256 512 64 128 256 128

Average: 264.0
___________________________________
Parameters: 0.0 801 1
Scores: 512 2048 1024 256 256 2048 512 512

Average: 896.0
___________________________________
Parameters: 0.0 801 101
Scores: 512 1024 512 1024 1024 1024 1024 512

Average: 832.0
___________________________________
Parameters: 0.0 801 201
Scores: 512 512 1024 1024 256 512 512 512

Average: 608.0
___________________________________
Parameters: 0.0 801 301
Scores: 512 512 512 1024 256 1024 512 512

Average: 608.0
___________________________________
Parameters: 0.0 801 401
Scores: 512 256 512 512 256 256 512 512

Average: 416.0
___________________________________
Parameters: 0.0 801 501
Scores: 512 512 128 512 512 512 1024 1024

Average: 592.0
___________________________________
Parameters: 0.0 801 601
Scores: 256 256 256 512 512 128 128 512

Average: 320.0
___________________________________
Parameters: 0.0 801 701
Scores: 128 512 512 512 512 256 512 128

Average: 384.0
___________________________________
Parameters: 0.0 801 801
Scores: 256 512 512 256 256 512 512 256

Average: 384.0
___________________________________
Parameters: 0.0 801 901
Scores: 512 512 128 512 512 128 256 512

Average: 384.0
___________________________________
Parameters: 0.0 901 1
Scores: 512 1024 1024 1024 1024 1024 1024 2048

Average: 1088.0
___________________________________
Parameters: 0.0 901 101
Scores: 1024 4 4 4 512 1024 1024 1024

Average: 577.5
___________________________________
Parameters: 0.0 901 201
Scores: 256 256 512 1024 512 512 512 512

Average: 512.0
___________________________________
Parameters: 0.0 901 301
Scores: 512 1024 1024 512 512 512 1024 1024

Average: 768.0
___________________________________
Parameters: 0.0 901 401
Scores: 256 512 512 1024 1024 128 512 512

Average: 560.0
___________________________________
Parameters: 0.0 901 501
Scores: 512 256 1024 512 1024 512 512 512

Average: 608.0
___________________________________
Parameters: 0.0 901 601
Scores: 256 512 512 256 256 256 256 256

Average: 320.0
___________________________________
Parameters: 0.0 901 701
Scores: 512 256 128 512 512 256 512 256

Average: 368.0
___________________________________
Parameters: 0.0 901 801
Scores: 256 128 512 128 256 256 512 512

Average: 320.0
___________________________________
Parameters: 0.0 901 901
Scores: 512 256 256 256 512 2 2 2

Average: 224.75
___________________________________
Parameters: 0.1 1 1
Scores: 1024 1024 512 2 2 4 2 4

Average: 321.75
___________________________________
Parameters: 0.1 1 101
Scores: 128 32 64 4 4 4 4 2

Average: 30.25
___________________________________
Parameters: 0.1 1 201
Scores: 32 128 16 32 64 16 128 64

Average: 60.0
___________________________________
Parameters: 0.1 1 301
Scores: 64 4 4 4 2 2 2 4

Average: 10.75
___________________________________
Parameters: 0.1 1 401
Scores: 4 2 2 4 2 2 2 4

Average: 2.75
___________________________________
Parameters: 0.1 1 501
Scores: 4 2 2 4 2 2 2 2

Average: 2.5
___________________________________
Parameters: 0.1 1 601
Scores: 2 2 2 4 4 32 32 64

Average: 17.75
___________________________________
Parameters: 0.1 1 701
Scores: 64 64 128 64 32 64 64 128

Average: 76.0
___________________________________
Parameters: 0.1 1 801
Scores: 128 16 128 32 64 32 16 64

Average: 60.0
___________________________________
Parameters: 0.1 1 901
Scores: 64 32 32 128 128 64 128 32

Average: 76.0
___________________________________
Parameters: 0.1 101 1
Scores: 1024 1024 512 1024 1024 1024 1024 512

Average: 896.0
___________________________________
Parameters: 0.1 101 101
Scores: 512 64 128 256 512 256 256 512

Average: 312.0
___________________________________
Parameters: 0.1 101 201
Scores: 128 64 128 16 2 4 2 8

Average: 44.0
___________________________________
Parameters: 0.1 101 301
Scores: 2 2 8 8 64 128 256 32

Average: 62.5
___________________________________
Parameters: 0.1 101 401
Scores: 64 64 32 64 128 64 64 64

Average: 68.0
___________________________________
Parameters: 0.1 101 501
Scores: 128 128 128 256 64 64 16 32

Average: 102.0
___________________________________
Parameters: 0.1 101 601
Scores: 32 64 64 64 64 64 128 64

Average: 68.0
___________________________________
Parameters: 0.1 101 701
Scores: 32 32 32 64 32 128 32 32

Average: 48.0
___________________________________
Parameters: 0.1 101 801
Scores: 64 64 32 16 128 16 128 32

Average: 60.0
___________________________________
Parameters: 0.1 101 901
Scores: 32 32 64 128 64 64 64 64

Average: 64.0
___________________________________
Parameters: 0.1 201 1
Scores: 1024 512 128 1024 1024 512 1024 1024

Average: 784.0
___________________________________
Parameters: 0.1 201 101
Scores: 128 1024 256 512 512 1024 1024 512

Average: 624.0
___________________________________
Parameters: 0.1 201 201
Scores: 256 512 256 128 128 256 1024 512

Average: 384.0
___________________________________
Parameters: 0.1 201 301
Scores: 128 512 512 128 64 128 128 128

Average: 216.0
___________________________________
Parameters: 0.1 201 401
Scores: 128 128 256 128 32 128 64 64

Average: 116.0
___________________________________
Parameters: 0.1 201 501
Scores: 64 32 64 128 64 256 128 256

Average: 124.0
___________________________________
Parameters: 0.1 201 601
Scores: 128 64 32 64 128 32 64 64

Average: 72.0
___________________________________
Parameters: 0.1 201 701
Scores: 128 256 128 64 64 128 128 32

Average: 116.0
___________________________________
Parameters: 0.1 201 801
Scores: 64 64 32 64 32 128 128 128

Average: 80.0
___________________________________
Parameters: 0.1 201 901
Scores: 64 64 64 16 32 64 128 64

Average: 62.0
___________________________________
Parameters: 0.1 301 1
Scores: 512 512 1024 256 512 512 512 256

Average: 512.0
___________________________________
Parameters: 0.1 301 101
Scores: 1024 1024 512 256 1024 512 512 512

Average: 672.0
___________________________________
Parameters: 0.1 301 201
Scores: 256 512 256 1024 1024 512 512 512

Average: 576.0
___________________________________
Parameters: 0.1 301 301
Scores: 128 256 256 512 512 256 512 128

Average: 320.0
___________________________________
Parameters: 0.1 301 401
Scores: 64 256 512 256 128 256 64 64

Average: 200.0
___________________________________
Parameters: 0.1 301 501
Scores: 64 128 128 256 32 128 128 256

Average: 140.0
___________________________________
Parameters: 0.1 301 601
Scores: 256 64 32 128 128 32 128 128

Average: 112.0
___________________________________
Parameters: 0.1 301 701
Scores: 64 16 64 128 64 64 128 64

Average: 74.0
___________________________________
Parameters: 0.1 301 801
Scores: 64 64 64 32 64 128 128 64

Average: 76.0
___________________________________
Parameters: 0.1 301 901
Scores: 64 32 32 64 32 128 64 16

Average: 54.0
___________________________________
Parameters: 0.1 401 1
Scores: 512 1024 1024 512 1024 512 1024 512

Average: 768.0
___________________________________
Parameters: 0.1 401 101
Scores: 512 32 256 4 512 8 1024 128

Average: 309.5
___________________________________
Parameters: 0.1 401 201
Scores: 256 32 512 1024 512 512 512 1024

Average: 548.0
___________________________________
Parameters: 0.1 401 301
Scores: 2 256 512 512 512 512 512 256

Average: 384.25
___________________________________
Parameters: 0.1 401 401
Scores: 256 512 256 256 512 128 256 64

Average: 280.0
___________________________________
Parameters: 0.1 401 501
Scores: 256 256 128 128 64 256 128 64

Average: 160.0
___________________________________
Parameters: 0.1 401 601
Scores: 128 512 256 256 512 256 128 512

Average: 320.0
___________________________________
Parameters: 0.1 401 701
Scores: 64 128 64 64 128 32 128 128

Average: 92.0
___________________________________
Parameters: 0.1 401 801
Scores: 128 128 128 64 32 32 128 256

Average: 112.0
___________________________________
Parameters: 0.1 401 901
Scores: 128 64 64 64 64 32 256 64

Average: 92.0
___________________________________
Parameters: 0.1 501 1
Scores: 512 256 512 512 1024 512 1024 512

Average: 608.0
___________________________________
Parameters: 0.1 501 101
Scores: 512 512 512 1024 256 1024 1024 1024

Average: 736.0
___________________________________
Parameters: 0.1 501 201
Scores: 256 1024 1024 512 256 256 512 512

Average: 544.0
___________________________________
Parameters: 0.1 501 301
Scores: 256 512 1024 512 512 512 512 512

Average: 544.0
___________________________________
Parameters: 0.1 501 401
Scores: 256 512 256 256 256 256 256 64

Average: 264.0
___________________________________
Parameters: 0.1 501 501
Scores: 256 512 256 512 256 512 256 128

Average: 336.0
___________________________________
Parameters: 0.1 501 601
Scores: 256 256 512 16 64 256 256 512

Average: 266.0
___________________________________
Parameters: 0.1 501 701
Scores: 256 256 128 128 256 512 128 256

Average: 240.0
___________________________________
Parameters: 0.1 501 801
Scores: 64 64 128 512 64 32 64 32

Average: 120.0
___________________________________
Parameters: 0.1 501 901
Scores: 256 128 128 64 128 256 256 64

Average: 160.0
___________________________________
Parameters: 0.1 601 1
Scores: 512 2048 1024 128 512 512 512 512

Average: 720.0
___________________________________
Parameters: 0.1 601 101
Scores: 256 512 512 1024 1024 512 1024 1024

Average: 736.0
___________________________________
Parameters: 0.1 601 201
Scores: 512 1024 512 512 512 512 512 512

Average: 576.0
___________________________________
Parameters: 0.1 601 301
Scores: 256 256 1024 512 512 256 512 256

Average: 448.0
___________________________________
Parameters: 0.1 601 401
Scores: 256 256 512 256 512 512 256 512

Average: 384.0
___________________________________
Parameters: 0.1 601 501
Scores: 512 512 1024 256 512 128 256 256

Average: 432.0
___________________________________
Parameters: 0.1 601 601
Scores: 512 256 512 512 512 512 512 256

Average: 448.0
___________________________________
Parameters: 0.1 601 701
Scores: 256 128 128 256 256 256 128 256

Average: 208.0
___________________________________
Parameters: 0.1 601 801
Scores: 256 256 256 512 512 256 128 1024

Average: 400.0
___________________________________
Parameters: 0.1 601 901
Scores: 64 256 256 128 64 256 256 256

Average: 192.0
___________________________________
Parameters: 0.1 701 1
Scores: 1024 512 512 512 512 512 1024 1024

Average: 704.0
___________________________________
Parameters: 0.1 701 101
Scores: 1024 1024 512 1024 1024 512 512 512

Average: 768.0
___________________________________
Parameters: 0.1 701 201
Scores: 256 1024 512 1024 1024 1024 1024 256

Average: 768.0
___________________________________
Parameters: 0.1 701 301
Scores: 256 256 512 512 512 512 512 1024

Average: 512.0
___________________________________
Parameters: 0.1 701 401
Scores: 512 512 128 256 256 512 512 512

Average: 400.0
___________________________________
Parameters: 0.1 701 501
Scores: 256 256 512 256 128 256 512 256

Average: 304.0
___________________________________
Parameters: 0.1 701 601
Scores: 512 1024 512 512 256 512 128 512

Average: 496.0
___________________________________
Parameters: 0.1 701 701
Scores: 128 512 128 256 256 512 512 512

Average: 352.0
___________________________________
Parameters: 0.1 701 801
Scores: 128 512 512 512 512 256 512 512

Average: 432.0
___________________________________
Parameters: 0.1 701 901
Scores: 64 256 64 128 256 512 256 128

Average: 208.0
___________________________________
Parameters: 0.1 801 1
Scores: 1024 512 1024 1024 1024 512 1024 512

Average: 832.0
___________________________________
Parameters: 0.1 801 101
Scores: 1024 1024 1024 512 1024 1024 1024 1024

Average: 960.0
___________________________________
Parameters: 0.1 801 201
Scores: 512 1024 1024 512 1024 512 1024 1024

Average: 832.0
___________________________________
Parameters: 0.1 801 301
Scores: 1024 512 512 512 512 1024 512 512

Average: 640.0
___________________________________
Parameters: 0.1 801 401
Scores: 1024 512 512 512 256 256 512 256

Average: 480.0
___________________________________
Parameters: 0.1 801 501
Scores: 256 256 512 512 512 512 512 256

Average: 416.0
___________________________________
Parameters: 0.1 801 601
Scores: 512 256 256 1024 512 512 512 1024

Average: 576.0
___________________________________
Parameters: 0.1 801 701
Scores: 256 512 256 256 512 512 512 512

Average: 416.0
___________________________________
Parameters: 0.1 801 801
Scores: 256 256 512 512 512 256 256 512

Average: 384.0
___________________________________
Parameters: 0.1 801 901
Scores: 128 256 512 256 256 512 256 256

Average: 304.0
___________________________________
Parameters: 0.1 901 1
Scores: 1024 1024 1024 1024 1024 1024 512 1024

Average: 960.0
___________________________________
Parameters: 0.1 901 101
Scores: 1024 512 1024 1024 256 1024 1024 512

Average: 800.0
___________________________________
Parameters: 0.1 901 201
Scores: 1024 512 256 512 512 1024 1024 256

Average: 640.0
___________________________________
Parameters: 0.1 901 301
Scores: 512 512 512 1024 512 512 512 1024

Average: 640.0
___________________________________
Parameters: 0.1 901 401
Scores: 512 512 512 512 512 512 1024 1024

Average: 640.0
___________________________________
Parameters: 0.1 901 501
Scores: 512 512 512 512 256 512 512 512

Average: 480.0
___________________________________
Parameters: 0.1 901 601
Scores: 512 256 256 512 512 128 512 512

Average: 400.0
___________________________________
Parameters: 0.1 901 701
Scores: 1024 256 256 512 512 256 256 512

Average: 448.0
___________________________________
Parameters: 0.1 901 801
Scores: 512 128 256 512 512 256 256 256

Average: 336.0
___________________________________
Parameters: 0.1 901 901
Scores: 512 512 128 512 128 512 256 256

Average: 352.0
___________________________________
Parameters: 0.2 1 1
Scores: 256 256 512 512 1024 1024 1024 1024

Average: 704.0
___________________________________
Parameters: 0.2 1 101
Scores: 128 64 32 32 64 128 32 64

Average: 68.0
___________________________________
Parameters: 0.2 1 201
Scores: 64 128 128 16 64 64 32 32

Average: 66.0
___________________________________
Parameters: 0.2 1 301
Scores: 128 128 32 64 64 32 16 16

Average: 60.0
___________________________________
Parameters: 0.2 1 401
Scores: 128 64 128 64 32 64 128 128

Average: 92.0
___________________________________
Parameters: 0.2 1 501
Scores: 64 64 32 128 64 64 256 32

Average: 88.0
___________________________________
Parameters: 0.2 1 601
Scores: 32 64 128 32 64 64 32 32

Average: 56.0
___________________________________