h = self.monotonicity(grid) * (1 + (self.empty_tiles(grid) - self.adj_difference(grid))/16)
depth = 3
computer: 2s

1024

1024 512

1024 512 1024

1024 512 1024 256

1024 512 1024 256 1024

1024 512 1024 256 1024 1024

1024 512 1024 256 1024 1024 1024

1024 512 1024 256 1024 1024 1024 1024

1024 512 1024 256 1024 1024 1024 1024 1024

1024 512 1024 256 1024 1024 1024 1024 1024 1024

1024 512 1024 256 1024 1024 1024 1024 1024 1024 1024

1024 512 1024 256 1024 1024 1024 1024 1024 1024 1024 1024

1024 512 1024 256 1024 1024 1024 1024 1024 1024 1024 1024 512

1024 512 1024 256 1024 1024 1024 1024 1024 1024 1024 1024 512 2048

1024 512 1024 256 1024 1024 1024 1024 1024 1024 1024 1024 512 2048 1024

1024 512 1024 256 1024 1024 1024 1024 1024 1024 1024 1024 512 2048 1024 1024

